1850.00 -0.84 -0.05 -0.70 -0.60 -0.41 0.00 -0.09 -0.06 -0.35 -0.55 -0.23 -0.23
1851.00 -0.19 -0.47 -0.70 -0.41 -0.20 -0.04 -0.17 -0.12 0.13 0.10 0.01 0.03
1852.00 0.09 -0.33 -0.47 -0.57 -0.11 0.20 -0.12 0.09 0.00 -0.13 -0.20 0.32
1853.00 0.18 -0.05 -0.30 -0.33 -0.12 0.02 0.03 -0.11 -0.37 -0.30 -0.34 -0.45
1854.00 -0.32 -0.17 -0.05 -0.22 0.03 -0.14 0.08 0.20 -0.08 0.02 -0.36 0.15
1855.00 0.01 -0.53 -0.17 0.12 -0.17 0.02 -0.06 -0.14 -0.34 0.01 -0.21 -0.83
1856.00 -0.06 -0.36 -0.69 -0.40 -0.03 -0.13 -0.32 -0.37 -0.44 -0.34 -0.85 -0.48
1857.00 -0.57 -0.19 -0.39 -0.69 -0.59 -0.21 -0.44 -0.17 -0.39 -0.40 -0.69 -0.15
1858.00 -0.29 -0.81 -0.63 -0.28 -0.39 -0.46 -0.17 -0.37 -0.48 0.05 -0.86 -0.18
1859.00 -0.22 -0.01 -0.19 0.02 -0.15 -0.17 -0.18 0.09 -0.52 -0.22 -0.36 -0.72
1860.00 -0.21 -0.69 -0.90 -0.28 -0.14 -0.21 0.09 -0.04 -0.18 -0.01 -0.71 -1.01
1861.00 -1.50 -0.49 -0.19 -0.43 -0.66 0.04 0.30 0.15 -0.26 -0.16 -0.28 -0.16
1862.00 -0.99 -1.17 -0.61 -0.32 -0.34 -0.45 -0.33 -0.61 -0.29 -0.41 -1.04 -1.34
1863.00 0.59 0.12 -0.37 -0.22 -0.08 -0.31 -0.51 -0.25 -0.13 -0.52 -0.38 -0.24
1864.00 -1.11 -0.69 -0.55 -0.54 -0.55 0.21 0.11 0.07 -0.40 -0.94 -0.82 -0.99
1865.00 0.12 -0.96 -1.12 -0.32 -0.05 -0.09 0.08 -0.22 0.31 -0.24 0.00 -0.41
1866.00 0.32 -0.14 -0.63 -0.29 -0.80 0.44 0.11 -0.23 -0.05 -0.64 -0.33 -0.20
1867.00 -0.34 0.46 -1.18 -0.37 -0.82 -0.27 -0.15 -0.05 -0.04 -0.16 -0.30 -0.78
1868.00 -0.84 -0.59 -0.07 -0.27 0.19 0.36 0.72 0.21 -0.18 -0.28 -0.76 0.12
1869.00 -0.14 0.73 -0.68 -0.17 -0.04 -0.18 0.05 0.23 -0.11 -0.48 -0.42 -0.32
1870.00 0.09 -0.55 -0.42 -0.18 0.12 0.07 0.17 -0.18 -0.14 -0.33 0.00 -1.09
1871.00 -0.77 -0.95 0.10 0.02 -0.32 -0.15 0.15 -0.08 -0.54 -0.45 -0.93 -0.84
1872.00 -0.33 -0.58 -0.58 -0.02 0.15 -0.01 0.05 0.18 0.09 -0.12 -0.47 -0.58
1873.00 0.05 -0.54 -0.35 -0.68 -0.55 -0.17 -0.10 -0.07 -0.26 -0.35 -0.49 -0.04
1874.00 0.46 -0.32 -0.68 -0.52 -0.38 -0.14 -0.14 -0.31 0.01 -0.32 -0.57 -0.47
1875.00 -0.93 -1.10 -0.88 -0.65 -0.12 -0.06 -0.19 -0.09 -0.35 -0.39 -0.78 -0.58
1876.00 -0.34 -0.22 -0.49 -0.28 -0.66 0.02 0.19 0.02 -0.22 -0.44 -0.68 -0.98
1877.00 -0.30 0.10 -0.49 -0.47 -0.36 0.15 0.26 0.37 0.13 -0.00 0.29 0.40
1878.00 0.12 0.60 0.56 0.57 0.05 0.41 0.08 0.21 0.24 -0.03 -0.12 -0.41
1879.00 -0.16 -0.07 -0.05 -0.21 -0.05 -0.21 -0.20 -0.22 -0.23 0.02 -0.60 -0.75
1880.00 0.13 -0.28 -0.20 -0.09 -0.16 -0.15 -0.18 -0.12 -0.25 -0.46 -0.65 -0.48
1881.00 -0.53 -0.26 -0.31 -0.18 0.02 -0.17 -0.12 -0.05 -0.22 -0.44 -0.57 -0.15
1882.00 0.33 0.01 -0.05 -0.42 -0.45 -0.35 -0.23 -0.16 -0.18 -0.41 -0.48 -0.56
1883.00 -0.75 -0.54 -0.63 -0.38 -0.28 -0.09 -0.14 -0.11 -0.30 -0.43 -0.41 -0.23
1884.00 -0.48 -0.22 -0.53 -0.68 -0.34 -0.44 -0.44 -0.41 -0.49 -0.36 -0.82 -0.47
1885.00 -0.70 -0.52 -0.52 -0.44 -0.45 -0.42 -0.20 -0.33 -0.28 -0.15 -0.38 -0.09
1886.00 -0.39 -0.58 -0.48 -0.24 -0.18 -0.31 -0.15 -0.25 -0.38 -0.34 -0.52 -0.31
1887.00 -0.65 -0.58 -0.41 -0.42 -0.23 -0.28 -0.14 -0.32 -0.25 -0.51 -0.34 -0.23
1888.00 -0.63 -0.56 -0.65 -0.04 -0.26 -0.13 -0.17 -0.17 -0.16 -0.03 -0.27 -0.23
1889.00 -0.10 -0.16 -0.13 0.15 0.04 -0.00 -0.14 -0.12 -0.34 -0.24 -0.57 -0.13
1890.00 -0.30 -0.27 -0.39 -0.19 -0.36 -0.28 -0.31 -0.35 -0.41 -0.43 -0.65 -0.49
1891.00 -0.62 -0.55 -0.41 -0.40 -0.22 -0.19 -0.15 -0.15 -0.02 -0.29 -0.74 0.12
1892.00 -0.47 -0.09 -0.66 -0.50 -0.39 -0.32 -0.45 -0.35 -0.16 -0.39 -0.89 -1.00
1893.00 -1.51 -1.11 -0.57 -0.55 -0.61 -0.30 -0.13 -0.24 -0.42 -0.21 -0.50 -0.39
1894.00 -0.62 -0.45 -0.35 -0.28 -0.28 -0.46 -0.17 -0.23 -0.35 -0.41 -0.50 -0.43
1895.00 -0.67 -0.97 -0.66 -0.32 -0.28 -0.27 -0.26 -0.28 -0.04 -0.18 -0.27 -0.30
1896.00 -0.28 -0.26 -0.56 -0.42 -0.04 0.09 0.03 0.03 0.06 0.02 -0.52 -0.00
1897.00 -0.26 -0.17 -0.48 -0.02 0.14 -0.07 0.05 -0.01 0.07 -0.08 -0.48 -0.50
1898.00 0.14 -0.32 -0.94 -0.45 -0.32 -0.15 -0.15 -0.10 -0.14 -0.47 -0.40 -0.20
1899.00 -0.00 -0.65 -0.77 -0.26 -0.24 -0.40 -0.09 -0.06 -0.00 0.04 0.31 -0.56
1900.00 -0.29 -0.35 -0.20 -0.16 -0.14 -0.00 -0.10 -0.00 -0.07 0.30 -0.20 0.15
1901.00 -0.10 -0.22 -0.07 0.02 -0.10 0.04 0.11 0.03 -0.26 -0.15 -0.36 -0.48
1902.00 -0.05 -0.22 -0.41 -0.52 -0.41 -0.41 -0.40 -0.22 -0.30 -0.36 -0.53 -0.64
1903.00 -0.06 -0.05 -0.25 -0.39 -0.42 -0.49 -0.46 -0.56 -0.45 -0.56 -0.66 -0.59
1904.00 -0.66 -0.62 -0.71 -0.57 -0.47 -0.51 -0.52 -0.45 -0.47 -0.32 -0.24 -0.37
1905.00 -0.54 -0.88 -0.56 -0.65 -0.29 -0.23 -0.12 -0.23 -0.14 -0.30 -0.05 -0.15
1906.00 -0.04 -0.36 -0.29 -0.02 -0.19 -0.14 -0.22 -0.20 -0.29 -0.22 -0.40 -0.11
1907.00 -0.52 -0.63 -0.39 -0.65 -0.61 -0.52 -0.30 -0.51 -0.38 -0.26 -0.61 -0.45
1908.00 -0.36 -0.35 -0.77 -0.47 -0.42 -0.36 -0.42 -0.42 -0.32 -0.52 -0.63 -0.55
1909.00 -0.52 -0.50 -0.76 -0.66 -0.54 -0.44 -0.47 -0.25 -0.29 -0.33 -0.24 -0.52
1910.00 -0.18 -0.46 -0.38 -0.41 -0.41 -0.45 -0.43 -0.42 -0.34 -0.35 -0.60 -0.61
1911.00 -0.48 -0.76 -0.63 -0.62 -0.45 -0.34 -0.38 -0.33 -0.24 -0.34 -0.29 -0.26
1912.00 -0.48 -0.24 -0.54 -0.34 -0.27 -0.14 -0.43 -0.59 -0.67 -0.79 -0.57 -0.56
1913.00 -0.46 -0.71 -0.60 -0.48 -0.59 -0.57 -0.53 -0.37 -0.45 -0.45 -0.17 -0.06
1914.00 0.08 -0.16 -0.38 -0.43 -0.20 -0.28 -0.29 -0.25 -0.27 -0.13 -0.33 -0.28
1915.00 -0.06 -0.06 -0.45 -0.08 -0.24 -0.11 -0.05 -0.01 -0.08 -0.23 -0.08 -0.15
1916.00 -0.19 -0.20 -0.53 -0.34 -0.44 -0.46 -0.18 -0.34 -0.43 -0.41 -0.43 -0.76
1917.00 -0.62 -0.85 -0.88 -0.47 -0.71 -0.30 -0.28 -0.20 -0.15 -0.44 -0.21 -0.83
1918.00 -0.50 -0.45 -0.42 -0.47 -0.49 -0.45 -0.35 -0.30 -0.27 -0.02 -0.25 -0.36
1919.00 -0.20 -0.30 -0.53 -0.20 -0.51 -0.32 -0.26 -0.28 -0.15 -0.27 -0.65 -0.68
1920.00 -0.21 -0.37 -0.11 -0.33 -0.15 -0.27 -0.17 -0.25 -0.26 -0.32 -0.47 -0.45
1921.00 0.09 -0.13 -0.13 -0.03 -0.15 -0.03 -0.03 -0.17 -0.14 -0.09 -0.40 -0.07
1922.00 -0.39 -0.39 -0.19 -0.20 -0.15 -0.18 -0.24 -0.25 -0.23 -0.32 -0.23 -0.25
1923.00 -0.08 -0.59 -0.52 -0.56 -0.31 -0.25 -0.21 -0.31 -0.14 -0.05 0.15 0.09
1924.00 -0.33 -0.23 -0.28 -0.25 -0.16 -0.12 -0.15 -0.19 -0.13 -0.16 -0.17 -0.50
1925.00 -0.23 -0.21 -0.20 -0.16 -0.12 -0.21 -0.10 -0.05 0.04 -0.22 -0.01 0.09
1926.00 0.34 0.20 0.01 -0.21 -0.17 -0.07 -0.14 -0.00 0.04 0.03 0.06 -0.20
1927.00 -0.18 -0.10 -0.31 -0.22 -0.18 -0.11 -0.04 0.01 0.02 0.21 -0.02 -0.45
1928.00 0.16 -0.03 -0.36 -0.34 -0.15 -0.30 -0.07 -0.18 -0.12 -0.11 -0.12 -0.13
1929.00 -0.61 -0.96 -0.37 -0.39 -0.25 -0.31 -0.25 -0.04 -0.12 0.01 -0.02 -0.53
1930.00 -0.23 -0.11 -0.04 -0.09 -0.19 -0.14 0.01 0.18 0.09 0.06 0.23 0.04
1931.00 0.10 -0.25 -0.13 -0.15 -0.06 0.15 0.13 0.17 0.16 0.22 0.05 0.02
1932.00 0.38 -0.28 -0.43 -0.00 -0.10 -0.09 -0.07 0.04 0.12 0.02 -0.26 -0.17
1933.00 -0.33 -0.43 -0.39 -0.17 -0.21 -0.24 0.02 -0.07 -0.15 -0.12 -0.24 -0.54
1934.00 -0.15 0.16 -0.42 -0.26 0.06 -0.01 0.01 -0.01 -0.08 0.05 0.19 0.02
1935.00 -0.29 0.49 -0.12 -0.28 -0.26 -0.12 -0.03 0.02 -0.06 0.11 -0.40 -0.20
1936.00 -0.28 -0.55 -0.22 -0.10 0.00 0.07 0.15 0.12 0.12 0.00 0.02 0.18
1937.00 -0.11 0.14 -0.36 -0.11 0.07 0.14 0.21 0.24 0.33 0.32 0.11 -0.10
1938.00 0.20 0.20 0.23 0.27 -0.01 -0.07 0.05 0.20 0.22 0.24 0.16 -0.38
1939.00 -0.05 0.04 -0.32 -0.12 -0.01 0.01 0.09 0.14 0.13 -0.10 0.14 0.55
1940.00 -0.49 -0.09 -0.14 0.11 -0.03 0.05 0.13 0.06 0.16 0.07 0.11 0.18
1941.00 -0.06 0.11 -0.21 -0.01 0.02 0.14 0.13 0.06 -0.02 0.29 -0.01 -0.06
1942.00 0.15 -0.15 -0.24 -0.06 -0.02 0.08 0.04 -0.06 0.08 0.17 0.15 0.13
1943.00 -0.29 0.29 -0.23 0.24 0.18 -0.08 -0.05 0.12 0.14 0.36 0.15 0.38
1944.00 0.64 0.41 0.15 -0.03 0.19 0.04 0.10 0.18 0.34 0.38 0.00 -0.14
1945.00 0.01 -0.23 -0.11 0.16 -0.01 0.02 -0.03 0.25 0.17 0.25 0.04 -0.31
1946.00 0.30 0.20 -0.06 0.32 -0.07 -0.12 -0.01 0.01 0.06 0.01 0.06 -0.46
1947.00 -0.25 -0.22 0.02 0.17 -0.07 -0.08 -0.07 0.03 0.10 0.40 0.12 -0.07
1948.00 0.44 -0.07 -0.24 0.08 0.21 0.21 0.01 0.14 0.06 0.14 0.07 -0.22
1949.00 0.36 -0.09 -0.24 0.06 0.04 -0.18 -0.13 0.04 -0.12 0.12 0.02 -0.25
1950.00 -0.43 -0.24 -0.11 -0.18 -0.07 -0.12 -0.19 -0.17 -0.07 -0.01 -0.42 -0.10
1951.00 -0.30 -0.58 -0.32 0.02 0.12 0.01 0.12 0.30 0.32 0.29 0.08 0.48
1952.00 0.25 0.12 -0.32 0.09 0.09 0.17 0.15 0.15 0.16 -0.01 -0.35 -0.08
1953.00 0.20 0.27 0.22 0.27 0.17 0.23 0.20 0.26 0.17 0.21 -0.08 0.20
1954.00 -0.28 -0.08 -0.27 -0.10 -0.19 0.01 -0.07 0.01 0.06 0.08 0.19 -0.16
1955.00 0.36 -0.10 -0.56 -0.24 -0.07 -0.07 -0.03 0.08 -0.02 0.04 -0.26 -0.26
1956.00 -0.10 -0.42 -0.36 -0.32 -0.24 -0.21 -0.25 -0.22 -0.32 -0.22 -0.32 -0.23
1957.00 -0.19 -0.13 -0.32 -0.12 -0.06 0.06 0.05 0.17 0.15 0.01 0.11 0.36
1958.00 0.51 0.30 0.01 0.04 0.04 0.04 0.02 0.13 0.02 0.08 0.08 0.12
1959.00 0.23 0.12 0.17 0.12 0.01 0.12 0.06 0.10 0.13 -0.07 -0.17 0.00
1960.00 0.03 0.33 -0.50 -0.16 -0.11 0.10 0.08 0.08 0.11 -0.01 -0.14 0.31
1961.00 0.16 0.31 0.17 0.10 0.07 0.12 0.06 0.06 -0.06 -0.08 -0.00 -0.10
1962.00 0.22 0.32 0.09 0.15 0.05 -0.14 0.12 0.04 0.00 0.09 0.03 0.11
1963.00 0.08 0.45 -0.17 -0.04 -0.05 -0.03 0.16 0.20 0.20 0.47 0.44 0.06
1964.00 0.09 -0.11 -0.39 -0.27 -0.06 -0.07 -0.07 -0.22 -0.26 -0.25 -0.18 -0.25
1965.00 0.00 -0.40 -0.17 -0.30 -0.15 -0.17 -0.15 -0.15 -0.14 0.07 -0.09 0.02
1966.00 -0.07 0.01 0.03 -0.16 -0.07 0.05 0.10 0.15 0.11 0.06 -0.02 -0.17
1967.00 -0.17 -0.26 0.07 0.04 0.15 -0.02 0.05 0.08 -0.01 0.28 0.05 -0.01
1968.00 -0.27 -0.13 0.34 -0.07 -0.05 -0.03 -0.07 -0.05 -0.04 -0.01 -0.14 -0.26
1969.00 -0.47 -0.48 -0.18 0.04 0.04 -0.07 0.04 0.01 0.00 -0.04 0.16 0.27
1970.00 -0.01 0.19 -0.18 0.03 -0.07 -0.02 -0.05 -0.04 -0.04 -0.16 -0.06 -0.25
1971.00 -0.03 -0.35 -0.39 -0.26 -0.21 -0.22 -0.20 -0.20 -0.20 -0.18 0.01 -0.12
1972.00 -0.70 -0.55 -0.22 -0.11 -0.19 -0.09 -0.09 -0.07 -0.27 -0.09 -0.24 -0.07
1973.00 0.02 0.35 0.19 0.12 0.05 0.07 -0.04 -0.02 -0.12 -0.12 -0.11 -0.06
1974.00 -0.46 -0.47 -0.21 -0.17 -0.27 -0.21 -0.15 -0.14 -0.17 -0.29 -0.29 -0.28
1975.00 0.12 -0.02 0.01 -0.05 -0.09 -0.14 -0.12 -0.16 -0.13 -0.23 -0.35 -0.28
1976.00 -0.05 -0.32 -0.56 -0.12 -0.31 -0.27 -0.30 -0.22 -0.17 -0.49 -0.35 -0.31
1977.00 -0.38 -0.01 0.14 0.16 0.11 0.15 0.03 -0.02 0.12 -0.09 0.24 -0.05
1978.00 0.08 -0.05 0.05 0.00 -0.15 -0.17 -0.12 -0.19 -0.05 -0.04 0.13 -0.14
1979.00 -0.13 -0.29 -0.03 -0.21 -0.07 0.04 0.01 -0.02 0.11 0.13 0.09 0.47
1980.00 0.09 0.20 -0.17 0.08 0.13 0.12 0.09 0.04 0.03 0.01 0.17 0.06
1981.00 0.62 0.42 0.40 0.22 0.06 0.18 0.08 0.13 0.08 0.09 0.16 0.40
1982.00 -0.19 0.04 -0.19 0.07 0.03 -0.05 -0.02 -0.10 0.03 -0.05 -0.16 0.27
1983.00 0.50 0.23 0.16 -0.03 -0.01 0.06 0.16 0.21 0.20 0.08 0.39 0.05
1984.00 0.16 -0.09 0.05 -0.11 0.12 -0.05 0.01 0.01 -0.09 -0.11 -0.29 -0.61
1985.00 -0.11 -0.42 -0.21 -0.12 -0.08 -0.08 -0.18 -0.05 -0.09 -0.05 -0.12 -0.03
1986.00 0.24 0.09 0.05 0.08 0.05 0.06 -0.05 -0.03 -0.05 0.01 -0.08 -0.05
1987.00 0.05 0.41 -0.14 -0.04 0.15 0.08 0.19 0.24 0.30 0.14 0.04 0.42
1988.00 0.44 0.18 0.26 0.28 0.21 0.29 0.30 0.20 0.20 0.15 0.02 0.32
1989.00 -0.01 0.24 0.21 0.12 0.13 0.14 0.25 0.20 0.17 0.21 0.03 0.27
1990.00 0.27 0.41 0.92 0.48 0.35 0.37 0.26 0.35 0.34 0.42 0.42 0.33
1991.00 0.47 0.45 0.16 0.50 0.26 0.40 0.40 0.31 0.25 0.25 0.22 0.14
1992.00 0.54 0.47 0.27 0.04 0.11 0.01 -0.11 -0.10 -0.19 -0.12 -0.14 0.14
1993.00 0.39 0.44 0.27 0.11 0.18 0.16 0.09 0.03 -0.08 0.05 -0.30 0.20
1994.00 0.24 -0.11 0.31 0.34 0.27 0.33 0.24 0.28 0.29 0.49 0.41 0.27
1995.00 0.66 0.99 0.45 0.46 0.27 0.45 0.35 0.50 0.33 0.49 0.45 0.23
1996.00 0.13 0.40 0.09 0.03 0.23 0.23 0.26 0.17 0.07 0.08 0.14 0.27
1997.00 0.31 0.49 0.50 0.39 0.38 0.47 0.41 0.50 0.46 0.62 0.46 0.46
1998.00 0.51 0.96 0.53 0.71 0.57 0.65 0.74 0.71 0.50 0.50 0.30 0.66
1999.00 0.50 0.93 0.12 0.46 0.28 0.27 0.33 0.29 0.33 0.40 0.34 0.65
2000.00 0.29 0.72 0.62 0.72 0.48 0.34 0.39 0.49 0.34 0.22 0.10 0.15
2001.00 0.47 0.34 0.64 0.54 0.61 0.48 0.58 0.63 0.48 0.55 0.87 0.48
2002.00 0.91 1.07 0.86 0.47 0.41 0.60 0.59 0.47 0.52 0.38 0.59 0.27
2003.00 0.77 0.45 0.49 0.49 0.61 0.49 0.58 0.77 0.74 0.88 0.58 0.89
2004.00 0.65 0.88 0.73 0.60 0.42 0.42 0.51 0.53 0.60 0.61 0.91 0.44
2005.00 0.74 0.43 0.67 0.79 0.69 0.72 0.73 0.67 0.83 0.83 0.93 0.66
2006.00 0.39 0.69 0.57 0.49 0.55 0.74 0.60 0.69 0.71 0.81 0.78 1.06
2007.00 1.30 0.73 0.74 0.83 0.61 0.58 0.60 0.69 0.59 0.70 0.61 0.65
2008.00 0.21 0.39 0.94 0.52 0.48 0.55 0.58 0.57 0.51 0.76 0.81 0.52
2009.00 0.63 0.59 0.47 0.60 0.47 0.65 0.65 0.66 0.76 0.65 0.58 0.45
2010.00 0.63 0.65 0.83 0.83 0.74 0.78 0.86 0.81 0.59 0.72 0.98 0.44
2011.00 0.33 0.37 0.53 0.65 0.51 0.65 0.66 0.66 0.65 0.72 0.45 0.67
2012.00 0.46 0.34 0.45 0.84 0.82 0.80 0.77 0.70 0.74 0.69 0.70 0.24
2013.00 0.55 0.66 0.48 0.50 0.67 0.66 0.65 0.71 0.65 0.66 0.91 0.66
2014.00 0.70 0.39 0.80 0.85 0.74 0.81 0.77 0.92 0.81 0.80 0.60 0.90
2015.00 0.99 0.96 0.94 0.84 0.90 0.94 0.86 0.97 1.08 1.05 1.08 1.41